   0.090909091      1408971.3              0  9.0078265e+09      1408971.3              0       10436603              0              0  8.9973899e+09      138774.98      902037.39
    0.14251758      610464.66              0  1.3933215e+10      610464.66              0       41012175              0              0  1.3892203e+10      138774.98      902037.39
    0.19232801      3073379.1              0  1.8881206e+10      3073379.1              0  1.0234216e+08              0              0  1.8778863e+10      138774.98      902037.39
    0.24536294       36175685              0  2.4455901e+10       36175685              0  2.1401337e+08              0              0  2.4241887e+10      138774.98      902037.39
    0.29591554  1.3818829e+08              0  3.0068679e+10  1.3818829e+08              0  3.7270451e+08              0              0  2.9695975e+10      138774.98      902037.39
    0.34375959  2.9787559e+08              0  3.5440737e+10  2.9787559e+08              0  5.7424759e+08              0              0  3.4866489e+10      138774.98      902037.39
    0.39192772  5.1676363e+08              0  4.0414518e+10  5.1676363e+08              0  8.2406867e+08              0              0  3.9590449e+10      138774.98      902037.39
    0.44684525  7.4331854e+08              0  4.5379276e+10  7.4331854e+08              0  1.1690409e+09              0              0  4.4210235e+10      138774.98      902037.39
    0.50000279  9.6604386e+08              0  4.9942471e+10  9.6604386e+08              0  1.5630392e+09              0              0  4.8379431e+10      138774.98      902037.39
    0.54910049  1.2053912e+09              0   5.399093e+10  1.2053912e+09              0  1.9772276e+09              0              0  5.2013703e+10      138774.98      902037.39
    0.59182778  1.4436073e+09              0  5.7196227e+10  1.4436073e+09              0  2.3608249e+09              0              0  5.4835402e+10      138774.98      902037.39
    0.64994222  1.7532833e+09              0  6.1063414e+10  1.7532833e+09              0   2.909147e+09              0              0  5.8154267e+10      138774.98      902037.39
    0.70051635  1.9808605e+09              0   6.312499e+10  1.9808605e+09              0  3.4018416e+09              0              0  5.9723148e+10      138774.98      902037.39
    0.74101315  2.1177341e+09              0  6.4086861e+10  2.1177341e+09              0  3.8026222e+09              0              0  6.0284239e+10      138774.98      902037.39
     0.7986738  2.2485556e+09              0  6.4774588e+10  2.2485556e+09              0  4.3889787e+09              0              0   6.038561e+10      138774.98      902037.39
    0.84484508  2.2921778e+09              0  6.4801146e+10  2.2921778e+09              0  4.8673459e+09              0              0    5.99338e+10      138774.98      902037.39
    0.89368551  2.2903628e+09              0  6.4606893e+10  2.2903628e+09              0  5.3775654e+09              0              0  5.9229328e+10      138774.98      902037.39
    0.94534941   2.275029e+09              0  6.4446781e+10   2.275029e+09              0  5.9165798e+09              0              0  5.8530201e+10      138774.98      902037.39
             1  2.2622576e+09              0   6.439404e+10  2.2622576e+09              0    6.49476e+09              0              0   5.789928e+10      138774.98      902037.39
